123 vs 444
123,1 0 0 0 0 0 0 0 0
444,1 2 0 0 0 0 0 0 0
123,1 2 0 0 1 0 0 0 0
444,1 2 0 0 1 2 0 0 0
123,1 2 0 0 1 2 0 0 1

123 vs 444
444,2 0 0 0 0 0 0 0 0
123,2 1 0 0 0 0 0 0 0
444,2 1 0 2 0 0 0 0 0
123,2 1 1 2 0 0 0 0 0
444,2 1 1 2 0 0 2 0 0

111 vs 123
123,2 0 0 0 0 0 0 0 0
111,2 1 0 0 0 0 0 0 0
123,2 1 2 0 0 0 0 0 0
111,2 1 2 1 0 0 0 0 0
123,2 1 2 1 2 0 0 0 0
111,2 1 2 1 2 1 0 0 0
123,2 1 2 1 2 1 2 0 0

2323 vs 123
123,2 0 0 0 0 0 0 0 0
2323,2 1 0 0 0 0 0 0 0
123,2 1 0 2 0 0 0 0 0
2323,2 1 1 2 0 0 0 0 0
123,2 1 1 2 2 0 0 0 0
2323,2 1 1 2 2 1 0 0 0
123,2 1 1 2 2 1 0 0 2

2323 vs 123
2323,0 1 0 0 0 0 0 0 0
123,0 1 0 2 0 0 0 0 0
2323,0 1 0 2 1 0 0 0 0
123,2 1 0 2 1 0 0 0 0
2323,2 1 0 2 1 0 0 1 0

2323 vs 123
2323,0 0 1 0 0 0 0 0 0
123,0 0 1 0 0 0 0 2 0
2323,0 0 1 0 1 0 0 2 0
123,2 0 1 0 1 0 0 2 0
2323,2 0 1 0 1 0 1 2 0

